0
0.00244140625
0.006591796875
0.01318359375
0.022705078125
0.0302734375
0.0400390625
0.04931640625
0.053466796875
0.06005859375
0.066650390625
0.075927734375
0.085205078125
0.090087890625
0.09814453125
0.10302734375
0.1123046875
0.12158203125
0.130859375
0.14013671875
0.1494140625
0.15869140625
0.16796875
0.17724609375
0.1865234375
0.19580078125
0.205078125
0.21435546875
0.2236328125
0.23291015625
0.2421875
0.25146484375
0.2607421875
0.27001953125
0.279296875
0.28857421875
0.2978515625
0.30712890625
0.31640625
0.32568359375
0.3349609375
0.34423828125
0.353515625
0.36279296875
0.3720703125
0.38134765625
0.390625
0.39990234375
0.4091796875
0.41845703125
0.427734375
0.43701171875
0.4462890625
0.45556640625
0.46484375
0.47412109375
0.4833984375
0.49267578125
0.501953125
0.51123046875
0.5205078125
0.52978515625
0.5390625
0.54833984375
0.5576171875
0.56689453125
0.576171875
0.58544921875
0.5947265625
0.60400390625
0.61328125
0.62255859375
0.6318359375
0.64111328125
0.650390625
0.65966796875
0.6689453125
0.67822265625
0.6875
0.69677734375
0.7060546875
0.71533203125
0.724609375
0.73388671875
0.7431640625
0.75244140625
0.76171875
0.77099609375
0.7802734375
0.78955078125
0.798828125
0.80810546875
0.8173828125
0.82666015625
0.8359375
