# based on Kunos’ 599_big

0
0.003173828125
0.0087890625
0.015869140625
0.02685546875
0.0400390625
0.04833984375
0.063720703125
0.06787109375
0.074951171875
0.08203125
0.09228515625
0.102294921875
0.1064453125
0.11669921875
0.120849609375
0.129150390625
0.139404296875
0.149658203125
0.159912109375
0.170166015625
0.180419921875
0.190673828125
0.200927734375
0.211181640625
0.221435546875
0.231689453125
0.23583984375
0.239990234375
0.2490234375
0.26025390625
0.269287109375
0.280517578125
0.291748046875
0.303466796875
0.314697265625
0.325927734375
0.337158203125
0.348388671875
0.359619140625
0.370849609375
0.382080078125
0.393310546875
0.404541015625
0.415771484375
0.427001953125
0.44091796875
0.4521484375
0.4638671875
0.47509765625
0.48681640625
0.498046875
0.50927734375
0.5205078125
0.53173828125
0.54296875
0.560302734375
0.571533203125
0.583740234375
0.594970703125
0.602294921875
0.610595703125
0.617919921875
0.626708984375
0.635498046875
0.6435546875
0.65478515625
0.666015625
0.677001953125
0.688232421875
0.69921875
0.707763671875
0.718994140625
0.730224609375
0.736328125
0.742919921875
0.753173828125
0.75927734375
0.77490234375
0.7861328125
0.79736328125
0.80859375
0.81982421875
0.829345703125
0.840576171875
0.8505859375
0.86181640625
0.873046875
0.887451171875
0.898681640625
0.90966796875
0.920166015625
0.92822265625
0.933837890625
0.94189453125
